runs: 15
min_cost: 1.77009557e+08
median_cost: 1.77010359e+08
mean_cost: 1.77031894e+08
std_cost: 4.83810693e+04
max_cost: 1.77160735e+08
published_best_cost: 1.77010359e+08
best_run_effectiveness_pct: 100.00045308
median_run_effectiveness_pct: 100.00000000
