runs: 10
min: 1.42328748e-04
median: 4.67777694e-04
mean: 7.46058942e-04
std: 6.06665098e-04
max: 2.10094300e-03
