runs: 15
min_cost: 1.77104229e+08
median_cost: 1.77865827e+08
mean_cost: 1.77971649e+08
std_cost: 5.92896271e+05
max_cost: 1.79487351e+08
published_best_cost: 1.77010359e+08
best_run_effectiveness_pct: 99.94699731
median_run_effectiveness_pct: 99.51903746
